150821 10.95 9.59 11.37 9.52 3040949
150828 9.30 8.78 9.30 7.65 3307582
150902 8.74 9.10 9.25 8.26 1975752
150911 9.00 9.08 9.35 8.27 2154360
150918 9.08 8.44 9.08 7.98 1670966
150925 8.38 8.32 8.99 8.27 1326006
150930 8.27 8.21 8.39 8.12 278988
151009 8.49 8.49 8.56 8.36 575752
151016 8.54 9.06 9.10 8.52 1843725
151023 9.18 9.64 9.79 8.70 2815237
151030 9.82 9.45 9.87 9.12 2154922
151106 9.25 9.74 9.94 9.03 2084890
151113 9.70 9.35 10.05 9.33 1827356
151120 9.11 9.65 10.07 9.11 1937990
151127 9.64 9.14 9.84 9.09 1444027
151204 9.20 12.55 13.00 9.07 6999919
151211 12.50 11.43 12.78 11.15 7759820
151218 11.59 12.39 13.48 11.34 5905508
151225 12.22 12.79 14.90 12.21 8191994
151231 12.76 11.53 12.84 11.52 3759800
160108 11.50 10.02 11.55 9.33 4023011
160115 9.80 9.78 10.37 9.01 4403801
160122 9.60 9.44 10.45 9.16 3170055
160129 9.46 8.61 9.60 8.01 2335738
160205 8.55 9.00 9.29 8.45 1996550
160219 8.69 9.00 9.44 8.64 1433428
160226 9.15 8.51 9.43 8.34 1741154
160304 8.66 9.64 10.16 8.53 4128644
160311 9.90 8.88 9.90 8.80 1314886
160318 9.00 9.36 9.44 8.86 1375466
160325 9.50 9.50 9.70 9.23 1596092
160401 9.55 9.25 9.55 8.98 1104512
160408 9.25 9.17 9.47 9.08 841764
160415 9.21 9.44 9.50 9.11 1089570
160422 9.44 9.09 9.44 8.86 763694
160429 9.09 9.03 9.13 8.86 495156
160506 9.05 9.53 9.77 8.99 1554858
160513 9.43 9.84 10.70 9.21 2716045
160520 9.85 10.02 10.31 9.58 1693427
160527 9.97 9.63 10.06 9.40 797109
160603 9.65 10.16 10.24 9.56 1150485
160608 10.30 9.91 10.32 9.87 506659
160617 9.83 9.57 9.83 9.41 886345
160624 9.59 9.31 9.70 9.15 697778
160701 9.27 9.77 9.85 9.24 980400
160708 9.73 9.75 10.11 9.48 1569575
160715 9.73 10.04 10.31 9.62 1385489
160722 9.98 9.74 10.03 9.66 781721
160729 9.73 10.40 10.85 9.68 1548811
160805 10.35 10.98 11.56 10.02 1693267
160812 10.93 11.74 11.74 10.54 2180460
160819 12.11 13.70 14.43 11.94 7758308
160826 13.60 11.90 14.14 11.81 4959598
160902 11.94 11.66 12.78 11.53 3379144
160909 11.71 11.46 11.90 11.45 1543169
160914 11.20 11.13 11.36 11.05 767659
160923 11.20 11.82 12.45 11.11 2440352